4 0.792157 0.191818 0.073725 0.011515
3 0.792157 0.082727 0.073725 0.011515
1 0.600000 0.119091 0.070588 0.011515
0 0.398431 0.091818 0.152157 0.017576
16 0.792157 0.155455 0.083137 0.011515
53 0.867451 0.618485 0.032941 0.010303
34 0.269020 0.618485 0.065882 0.010303
27 0.057255 0.618485 0.051765 0.010303
23 0.857647 0.899394 0.047843 0.009697
22 0.865098 0.827273 0.032941 0.009697
21 0.861569 0.809394 0.040000 0.010303
52 0.387451 0.267879 0.138039 0.021818
39 0.404706 0.250303 0.172549 0.009697
36 0.121961 0.265758 0.146667 0.021212
35 0.156078 0.248788 0.214902 0.010303
31 0.696471 0.318485 0.081569 0.010303
30 0.680392 0.284242 0.132549 0.055758
29 0.659608 0.250303 0.090980 0.009697
46 0.529412 0.516364 0.029804 0.009697
45 0.862353 0.516364 0.040000 0.009697
44 0.741176 0.516364 0.047059 0.009697
43 0.360784 0.522121 0.240000 0.021212
42 0.147451 0.530303 0.119216 0.037576
41 0.667059 0.516364 0.025882 0.009697