4 0.792157 0.191818 0.073725 0.011515
3 0.792157 0.082727 0.073725 0.011515
1 0.600000 0.119091 0.070588 0.011515
0 0.398431 0.091818 0.152157 0.017576
16 0.792157 0.155455 0.083137 0.011515
53 0.867451 0.643333 0.032941 0.010303
27 0.056863 0.643333 0.050980 0.010303
53 0.867451 0.626667 0.032941 0.009697
34 0.269020 0.626667 0.065882 0.009697
27 0.057647 0.626667 0.052549 0.009697
23 0.857647 0.923939 0.047843 0.010303
22 0.865098 0.852121 0.032941 0.009697
21 0.861569 0.833939 0.040000 0.009697
52 0.391765 0.267879 0.146667 0.021818
39 0.425882 0.250303 0.214902 0.009697
36 0.121961 0.265758 0.146667 0.021212
35 0.156078 0.248788 0.214902 0.010303
31 0.696471 0.318485 0.081569 0.010303
30 0.680392 0.284242 0.132549 0.055758
29 0.659608 0.250303 0.090980 0.009697
46 0.529412 0.533333 0.029804 0.009697
45 0.862353 0.533333 0.040000 0.009697
44 0.738039 0.533333 0.054902 0.009697
43 0.333725 0.533333 0.185882 0.009697
42 0.146667 0.542727 0.117647 0.028485
41 0.667059 0.533333 0.025882 0.009697