4 0.792157 0.191818 0.073725 0.011515
3 0.792157 0.082727 0.073725 0.011515
1 0.600000 0.119091 0.070588 0.011515
0 0.398431 0.091818 0.152157 0.017576
16 0.792157 0.155455 0.083137 0.011515
53 0.867451 0.654545 0.032941 0.009697
34 0.269020 0.654545 0.065882 0.009697
27 0.057255 0.654545 0.051765 0.009697
23 0.857647 0.935152 0.047843 0.009697
22 0.865098 0.863333 0.032941 0.010303
21 0.861569 0.845152 0.040000 0.010303
52 0.387451 0.267879 0.138039 0.021818
39 0.404706 0.250303 0.172549 0.009697
36 0.121961 0.265758 0.146667 0.021212
35 0.156078 0.248788 0.214902 0.010303
31 0.696471 0.318485 0.081569 0.010303
30 0.680392 0.284242 0.132549 0.055758
29 0.659608 0.250303 0.090980 0.009697
46 0.529412 0.533333 0.029804 0.009697
45 0.866275 0.533333 0.032157 0.009697
44 0.741176 0.533333 0.047059 0.009697
43 0.279216 0.533333 0.076863 0.009697
42 0.111373 0.533333 0.047059 0.009697
41 0.667059 0.533333 0.025882 0.009697
46 0.529412 0.552424 0.029804 0.010303
45 0.866275 0.552424 0.032157 0.010303
44 0.741176 0.552424 0.047059 0.010303
43 0.359216 0.557879 0.236863 0.021212
42 0.147451 0.566364 0.119216 0.038182
41 0.667059 0.552424 0.025882 0.010303