4 0.792157 0.191818 0.073725 0.011515
3 0.792157 0.082727 0.073725 0.011515
1 0.600000 0.119091 0.070588 0.011515
0 0.398431 0.091818 0.152157 0.017576
16 0.792157 0.155455 0.083137 0.011515
53 0.863922 0.638788 0.040000 0.009697
34 0.269020 0.638788 0.065882 0.009697
27 0.057255 0.638788 0.051765 0.009697
23 0.852549 0.919697 0.058039 0.010303
22 0.861569 0.847576 0.040000 0.010303
21 0.861569 0.829697 0.040000 0.009697
52 0.377255 0.267879 0.117647 0.021818
39 0.404706 0.250303 0.172549 0.009697
36 0.121961 0.265758 0.146667 0.021212
35 0.156078 0.248788 0.214902 0.010303
31 0.696471 0.318485 0.081569 0.010303
30 0.680392 0.284242 0.132549 0.055758
29 0.659608 0.250303 0.090980 0.009697
46 0.529412 0.488788 0.029804 0.010303
45 0.862353 0.488788 0.040000 0.010303
44 0.745490 0.488788 0.040000 0.010303
43 0.325490 0.488788 0.169412 0.010303
42 0.147451 0.498182 0.119216 0.029091
41 0.660000 0.488788 0.040000 0.010303
46 0.529412 0.523939 0.029804 0.010303
45 0.862353 0.523939 0.040000 0.010303
44 0.741176 0.523939 0.047059 0.010303
43 0.257255 0.523939 0.032941 0.010303
42 0.109804 0.523939 0.043922 0.010303
41 0.663529 0.523939 0.032941 0.010303
46 0.529412 0.543030 0.029804 0.009697
45 0.862353 0.543030 0.040000 0.009697
44 0.741176 0.543030 0.047059 0.009697
43 0.303529 0.543030 0.125490 0.009697
42 0.109804 0.543030 0.043922 0.009697
41 0.667059 0.543030 0.025882 0.009697
46 0.529412 0.562121 0.029804 0.010303
45 0.862353 0.562121 0.040000 0.010303
44 0.745490 0.562121 0.040000 0.010303
43 0.338039 0.562121 0.194510 0.010303
42 0.110980 0.562121 0.046275 0.010303
41 0.660000 0.562121 0.040000 0.010303