4 0.792157 0.191818 0.073725 0.011515
3 0.792157 0.082727 0.073725 0.011515
1 0.598039 0.119091 0.069804 0.011515
0 0.398431 0.091818 0.163137 0.017576
16 0.789804 0.155455 0.086275 0.011515
53 0.865490 0.599091 0.036863 0.010303
34 0.116471 0.655455 0.065098 0.010303
27 0.057255 0.599091 0.051765 0.010303
23 0.855686 0.857879 0.051765 0.010303
22 0.863137 0.786061 0.036863 0.009697
21 0.859216 0.768182 0.044706 0.010303
52 0.381569 0.267879 0.126275 0.021818
39 0.425882 0.250303 0.214902 0.009697
36 0.121961 0.265758 0.146667 0.021212
35 0.156078 0.248788 0.214902 0.010303
31 0.696471 0.318485 0.081569 0.010303
30 0.680392 0.284242 0.132549 0.055758
29 0.659608 0.250303 0.090980 0.009697
46 0.523529 0.505758 0.018039 0.010303
45 0.860392 0.505758 0.043922 0.010303
44 0.738039 0.505758 0.054902 0.010303
43 0.318431 0.505758 0.155294 0.010303
42 0.147059 0.514848 0.118431 0.028485
41 0.665098 0.505758 0.029804 0.010303