4 0.792157 0.191818 0.073725 0.011515
3 0.792157 0.082727 0.073725 0.011515
1 0.600000 0.119091 0.070588 0.011515
0 0.398431 0.091818 0.152157 0.017576
16 0.792157 0.155455 0.083137 0.011515
53 0.863922 0.584545 0.040000 0.010303
34 0.294118 0.584545 0.116078 0.010303
27 0.057255 0.584545 0.051765 0.010303
23 0.852549 0.934242 0.058039 0.010303
22 0.861569 0.862121 0.040000 0.010303
21 0.856078 0.844242 0.050980 0.009697
52 0.377255 0.267879 0.117647 0.021818
39 0.404706 0.250303 0.172549 0.009697
36 0.121961 0.265758 0.146667 0.021212
35 0.156078 0.248788 0.214902 0.010303
31 0.696471 0.318485 0.081569 0.010303
30 0.680392 0.284242 0.132549 0.055758
29 0.659608 0.250303 0.090980 0.009697
46 0.523529 0.488788 0.018039 0.010303
45 0.858824 0.488788 0.047059 0.010303
44 0.738039 0.488788 0.054902 0.010303
43 0.350980 0.488788 0.220392 0.010303
42 0.109804 0.488788 0.043922 0.010303
41 0.667059 0.488788 0.025882 0.010303
46 0.523529 0.507576 0.018039 0.010303
45 0.866275 0.507576 0.032157 0.010303
44 0.741176 0.507576 0.047059 0.010303
43 0.278824 0.507576 0.076078 0.010303
42 0.103529 0.507576 0.031373 0.010303
41 0.667059 0.507576 0.025882 0.010303