4 0.792157 0.191818 0.073725 0.011515
3 0.792157 0.082727 0.073725 0.011515
1 0.599608 0.119091 0.057255 0.011515
0 0.398431 0.091818 0.152157 0.017576
16 0.789804 0.155455 0.086275 0.011515
53 0.867451 0.624545 0.032941 0.010303
34 0.292157 0.624545 0.112157 0.010303
27 0.057647 0.624545 0.052549 0.010303
53 0.870980 0.607879 0.025882 0.009697
27 0.057647 0.607879 0.052549 0.009697
23 0.857647 0.921515 0.047843 0.010303
22 0.865098 0.849697 0.032941 0.009697
21 0.861569 0.831818 0.040000 0.010303
52 0.386667 0.267879 0.136471 0.021818
39 0.404706 0.250303 0.172549 0.009697
36 0.121961 0.265758 0.146667 0.021212
35 0.156078 0.248788 0.214902 0.010303
31 0.696471 0.318485 0.081569 0.010303
30 0.680392 0.284242 0.132549 0.055758
29 0.659608 0.250303 0.090980 0.009697
46 0.523529 0.474242 0.018039 0.010303
45 0.866275 0.474242 0.032157 0.010303
44 0.741176 0.474242 0.047059 0.010303
43 0.267451 0.474242 0.053333 0.010303
42 0.116863 0.474242 0.058039 0.010303
41 0.667059 0.474242 0.025882 0.010303
46 0.523529 0.493030 0.018039 0.010303
45 0.866275 0.493030 0.032157 0.010303
44 0.741176 0.493030 0.047059 0.010303
43 0.289804 0.493030 0.098039 0.010303
42 0.116863 0.493030 0.058039 0.010303
41 0.667059 0.493030 0.025882 0.010303
46 0.523529 0.512121 0.018039 0.009697
45 0.869804 0.512121 0.025098 0.009697
44 0.745490 0.512121 0.040000 0.009697
43 0.290588 0.512121 0.099608 0.009697
42 0.116863 0.512121 0.058039 0.009697
41 0.667059 0.512121 0.025882 0.009697
46 0.523529 0.530909 0.018039 0.009697
45 0.866275 0.530909 0.032157 0.009697
44 0.741176 0.530909 0.047059 0.009697
43 0.290588 0.530909 0.099608 0.009697
42 0.116863 0.530909 0.058039 0.009697
41 0.667059 0.530909 0.025882 0.009697